time	V(n001)
0.000000000000000e+000	0.000000e+000
9.999999717180685e-010	9.424778e-007
1.999999943436137e-009	1.884956e-006
2.942857059627460e-007	2.773577e-004
5.865714119820558e-007	5.528305e-004
8.788571180013657e-007	8.283033e-004
1.171142824020676e-006	1.103776e-003
1.463428530039985e-006	1.379249e-003
1.755714236059295e-006	1.654722e-003
2.047999942078604e-006	1.930194e-003
4.095999884157209e-006	3.860388e-003
8.191999768314418e-006	7.720769e-003
1.638399953662884e-005	1.544149e-002
3.276799907325767e-005	3.088257e-002
5.310891820889401e-005	5.005166e-002
7.758872587016876e-005	7.311841e-002
1.073855653055055e-004	1.011893e-001
1.444039846525106e-004	1.360509e-001
1.915681920540366e-004	1.804398e-001
2.544595488620656e-004	2.395671e-001
3.343680487841640e-004	3.145552e-001
4.331625904277518e-004	4.069873e-001
5.903228669700423e-004	5.531824e-001
8.930651792291345e-004	8.306949e-001
1.369681438497902e-003	1.251425e+000
2.123091002375325e-003	1.855869e+000
3.071442551135904e-003	2.466014e+000
3.931654494416314e-003	2.832608e+000
4.300514729524593e-003	2.927856e+000
4.623438794423103e-003	2.979032e+000
4.938270711754987e-003	2.999436e+000
5.277053936396721e-003	2.988643e+000
5.750912345098521e-003	2.916909e+000
6.518360458197621e-003	2.665119e+000
7.736605139796325e-003	1.957927e+000
8.764121037339827e-003	1.135743e+000
9.249623225707094e-003	7.006814e-001
9.547899266962015e-003	4.246638e-001
9.725973526383944e-003	2.579450e-001
9.837103483956956e-003	1.534593e-001
9.905778262486694e-003	8.878893e-002
9.946910487655869e-003	5.003337e-002
9.975998149401658e-003	2.262100e-002
9.998646346938681e-003	1.275788e-003
1.002016776456507e-002	-1.900754e-002
1.003957480279424e-002	-3.729741e-002
1.006155044627119e-002	-5.800631e-002
1.008488169092495e-002	-7.998963e-002
1.010936569581211e-002	-1.030545e-001
1.013462596522043e-002	-1.268442e-001
1.016042347714209e-002	-1.511316e-001
1.018670816172771e-002	-1.758674e-001
1.021355169170924e-002	-2.011168e-001
1.024122593656734e-002	-2.271325e-001
1.027028941490672e-002	-2.544357e-001
1.030184926927348e-002	-2.840601e-001
1.033822297842740e-002	-3.181682e-001
1.038564221115246e-002	-3.625707e-001
1.046982375680264e-002	-4.411924e-001
1.057238935749753e-002	-5.365616e-001
1.066779850718450e-002	-6.247784e-001
1.081113082488311e-002	-7.562261e-001
1.103123938011824e-002	-9.550073e-001
1.136027966401506e-002	-1.243367e+000
1.188657145439681e-002	-1.675768e+000
1.268820916821684e-002	-2.242969e+000
1.332548327525089e-002	-2.594369e+000
1.402710554596470e-002	-2.860960e+000
1.437176274165368e-002	-2.941759e+000
1.471013628132828e-002	-2.987570e+000
1.513070745939328e-002	-2.997471e+000
1.551281030051483e-002	-2.961152e+000
1.613362652874083e-002	-2.811750e+000
1.713094328661584e-002	-2.352479e+000
1.867206161628522e-002	-1.215563e+000
1.920611271286254e-002	-7.404882e-001
1.944371672169399e-002	-5.216200e-001
1.959750215585347e-002	-3.783352e-001
1.964807936346144e-002	-3.310021e-001
1.972178691932536e-002	-2.618759e-001
1.976221664350584e-002	-2.238972e-001
1.979526522105979e-002	-1.928250e-001
1.982814726286072e-002	-1.618887e-001
1.986076708455640e-002	-1.311821e-001
1.990141230838325e-002	-9.290186e-002
1.993767402853990e-002	-5.873709e-002
1.996955163562189e-002	-2.869647e-002
2.000513605652685e-002	4.840617e-003
2.003579732906750e-002	3.373748e-002
2.006701421906938e-002	6.315475e-002
2.010009065026257e-002	9.431767e-002
2.014426232397569e-002	1.359175e-001
2.021851431051986e-002	2.057832e-001
2.029799904476241e-002	2.804474e-001
2.037723272854855e-002	3.547018e-001
2.071382924938308e-002	6.671433e-001
2.114586114904677e-002	1.056775e+000
2.160798129161298e-002	1.451848e+000
2.251272313272291e-002	2.129782e+000
2.340547826423787e-002	2.631403e+000
2.409935810019900e-002	2.880712e+000
2.442591784908818e-002	2.951341e+000
2.477557337590223e-002	2.992547e+000
2.521646798241973e-002	2.993066e+000
2.565237401557887e-002	2.937214e+000
2.635940913929250e-002	2.730549e+000
2.748782241131587e-002	2.129420e+000
2.862656983565649e-002	1.254635e+000
2.932319821064911e-002	6.330753e-001
2.969574173520434e-002	2.863202e-001
2.973344064272926e-002	2.509328e-001
2.980883845777910e-002	1.800572e-001
2.986808214647904e-002	1.242941e-001
2.991598106545422e-002	7.917678e-002
2.994884319887994e-002	4.821207e-002
2.997494886716930e-002	2.360989e-002
2.999676861246491e-002	3.045511e-003
3.001755222897403e-002	-1.654250e-002
3.003675230318979e-002	-3.463746e-002
3.005820261361630e-002	-5.485161e-002
3.008136967614086e-002	-7.668076e-002
3.010567130877652e-002	-9.957457e-002
3.013083914459180e-002	-1.232783e-001
3.015655914874685e-002	-1.474940e-001
3.018277052310814e-002	-1.721625e-001
3.020951887058653e-002	-1.973243e-001
3.023704305739721e-002	-2.232014e-001
3.026584775044085e-002	-2.502644e-001
3.029693161486678e-002	-2.794458e-001
3.033235611286618e-002	-3.126694e-001
3.037740280840651e-002	-3.548610e-001
3.045112174580579e-002	-4.237503e-001
3.054004783375587e-002	-5.065448e-001
3.063371679725680e-002	-5.933263e-001
3.076086389064800e-002	-7.102880e-001
3.095148730068021e-002	-8.834606e-001
3.124107386362447e-002	-1.140273e+000
3.169714533400709e-002	-1.524808e+000
3.240465044308054e-002	-2.056834e+000
3.299332667209166e-002	-2.423349e+000
3.363392441636322e-002	-2.727940e+000
3.408072562914249e-002	-2.875760e+000
3.441193475085954e-002	-2.948949e+000
3.475864786672063e-002	-2.991380e+000
3.521014862084006e-002	-2.993464e+000
3.564209299467994e-002	-2.939171e+000
3.634280144465057e-002	-2.736995e+000
3.746170579674123e-002	-2.146687e+000
3.882144046246013e-002	-1.085561e+000
3.922319951103677e-002	-7.248719e-001
3.948533980234904e-002	-4.829452e-001
3.959723342536232e-002	-3.785864e-001
3.966977370844849e-002	-3.106730e-001
3.972741018659318e-002	-2.565959e-001
3.976259819598768e-002	-2.235386e-001
3.978434499987515e-002	-2.030946e-001
3.980913291509187e-002	-1.797802e-001
3.983356818883387e-002	-1.567868e-001
3.985915353584268e-002	-1.327014e-001
3.988974691871523e-002	-1.038903e-001
3.992606147368142e-002	-6.967916e-002
3.995712465031703e-002	-4.040784e-002
3.999000802890786e-002	-9.417196e-003
4.002210280463322e-002	2.083123e-002
4.005147005949723e-002	4.850727e-002
4.008296244000605e-002	7.818141e-002
4.012030364143471e-002	1.133565e-001
4.017662410264267e-002	1.663789e-001
4.025545438387207e-002	2.405017e-001
4.032747164475950e-002	3.080906e-001
4.042461087817152e-002	3.990005e-001
4.086627077750818e-002	8.064001e-001
4.133229054334002e-002	1.219312e+000
4.178620690717805e-002	1.596489e+000
4.263110215623764e-002	2.206867e+000
4.356119682649445e-002	2.698709e+000
4.402766427584878e-002	2.861119e+000
4.437218080668520e-002	2.941836e+000
4.471064024384857e-002	2.987613e+000
4.513132972162975e-002	2.997447e+000
4.551382321049265e-002	2.960999e+000
4.613526761129877e-002	2.811210e+000
4.713355069597072e-002	2.350953e+000
4.850036570150918e-002	1.361664e+000
4.930454988001477e-002	6.502442e-001
4.944046124486528e-002	5.246412e-001
4.971228397456629e-002	2.707969e-001
4.984923604349145e-002	1.420386e-001
4.992681405637397e-002	6.897005e-002
4.996881497000751e-002	2.939073e-002
4.999621902978649e-002	3.563480e-003
5.001713156468756e-002	-1.614604e-002
5.003760809373860e-002	-3.544397e-002
5.005900573274306e-002	-5.560841e-002
5.008241278517429e-002	-7.766354e-002
5.010674690677567e-002	-1.005877e-001
5.013196011153728e-002	-1.243339e-001
5.015770554176755e-002	-1.485732e-001
5.018393857339757e-002	-1.732616e-001
5.021071580809689e-002	-1.984500e-001
5.023828314369751e-002	-2.243669e-001
5.026716264474271e-002	-2.514993e-001
5.029838322313063e-002	-2.808079e-001
5.033407891247334e-002	-3.142842e-001
5.037979130999538e-002	-3.570962e-001
5.045624214376977e-002	-4.285273e-001
5.054683338392015e-002	-5.128470e-001
5.064124714754566e-002	-6.002816e-001
5.077185246142493e-002	-7.203459e-001
5.096840118433978e-002	-8.986822e-001
5.126693558187503e-002	-1.162780e+000
5.173803449303095e-002	-1.557869e+000
5.246641756280893e-002	-2.098822e+000
5.306638320661121e-002	-2.463295e+000
5.372054430141211e-002	-2.760896e+000
5.414425852946959e-002	-2.892240e+000
5.445966262180747e-002	-2.956880e+000
5.481649945293070e-002	-2.995016e+000
5.523173239596529e-002	-2.992054e+000
5.567720557448544e-002	-2.932362e+000
5.639950375420894e-002	-2.714680e+000
5.755078020153102e-002	-2.087210e+000
5.892365583615209e-002	-9.952089e-001
5.931771008101636e-002	-6.381303e-001
5.955667955195464e-002	-4.164703e-001
5.965154661208280e-002	-3.277541e-001
5.971017946123835e-002	-2.727722e-001
5.975522700765325e-002	-2.304658e-001
5.977738885976094e-002	-2.096351e-001
5.979744714532295e-002	-1.907728e-001
5.982051396438387e-002	-1.690720e-001
5.984130392181045e-002	-1.495056e-001
5.986232946080682e-002	-1.297110e-001
5.988725413550273e-002	-1.062383e-001
5.991542473760447e-002	-7.970093e-002
5.995051168783512e-002	-4.663976e-002
5.998223457932390e-002	-1.674343e-002
6.001373912796854e-002	1.294878e-002
6.004299771159442e-002	4.052316e-002
6.007362987553462e-002	6.938834e-002
6.010847927132489e-002	1.022195e-001
6.015696346348575e-002	1.478746e-001
6.023295148798237e-002	2.193557e-001
6.030713226375726e-002	2.890164e-001
6.039322364022688e-002	3.696626e-001
6.076170573759784e-002	7.110589e-001
6.124143074856794e-002	1.140585e+000
6.170812316789057e-002	1.533709e+000
6.264150800653584e-002	2.213499e+000
6.356809977569528e-002	2.701544e+000
6.411761689488557e-002	2.885469e+000
6.443963203789005e-002	2.953632e+000
6.479219257425997e-002	2.993609e+000
6.522266910094214e-002	2.992663e+000
6.566246214526403e-002	2.935264e+000
6.637570111539043e-002	2.724153e+000
6.751342062882523e-002	2.112358e+000
6.863726348763903e-002	1.245474e+000
6.932637404920350e-002	6.301492e-001
6.969638983241422e-002	2.857122e-001
6.973399154865632e-002	2.504154e-001
6.980919498114055e-002	1.797218e-001
6.986832064525661e-002	1.240695e-001
6.991613761900341e-002	7.902929e-002
6.994896736941375e-002	4.809506e-002
6.997504880291808e-002	2.351571e-002
6.999685515757535e-002	2.963944e-003
7.001762948069819e-002	-1.661531e-002
7.003682398595978e-002	-3.470502e-002
7.005828797876737e-002	-5.493205e-002
7.008145674918744e-002	-7.676280e-002
7.010576337613665e-002	-9.966129e-002
7.013093320341826e-002	-1.233668e-001
7.015665518123436e-002	-1.475844e-001
7.018286833231137e-002	-1.722545e-001
7.020961897600786e-002	-1.974185e-001
7.023714676034899e-002	-2.232988e-001
7.026595762243031e-002	-2.503676e-001
7.029705278577897e-002	-2.795595e-001
7.033249963856308e-002	-3.128040e-001
7.037760086153777e-002	-3.550463e-001
7.045153830687966e-002	-4.241390e-001
7.054059399003185e-002	-5.070521e-001
7.063432084530037e-002	-5.938843e-001
7.076174386050858e-002	-7.110938e-001
7.095283791981652e-002	-8.846771e-001
7.124314019632003e-002	-1.142075e+000
7.170041208694920e-002	-1.527459e+000
7.240959832953559e-002	-2.060226e+000
7.299918852439072e-002	-2.426601e+000
7.364087456129305e-002	-2.730659e+000
7.408581007651605e-002	-2.877121e+000
7.441574928212516e-002	-2.949607e+000
7.476326309276182e-002	-2.991707e+000
7.521187218836348e-002	-2.993357e+000
7.564489713297558e-002	-2.938640e+000
7.634733159432772e-002	-2.735244e+000
7.746883195583207e-002	-2.141990e+000
7.882182552829389e-002	-1.085222e+000
7.922315763787097e-002	-7.249103e-001
7.948499277604322e-002	-4.832680e-001
7.959693328845317e-002	-3.788670e-001
7.966950531385499e-002	-3.109246e-001
7.972696116190617e-002	-2.570176e-001
7.976232746813590e-002	-2.237930e-001
7.978406636953161e-002	-2.033566e-001
7.980892395969026e-002	-1.799768e-001
7.983333884459176e-002	-1.570027e-001
7.985888035523363e-002	-1.329586e-001
7.988941184228289e-002	-1.042059e-001
7.992563406227080e-002	-7.008187e-002
7.995666587860430e-002	-4.084019e-002
7.998949050824100e-002	-9.904944e-003
8.002149910616928e-002	2.026228e-002
8.005084726912981e-002	4.792038e-002
8.008226538727382e-002	7.752467e-002
8.011940260707146e-002	1.125079e-001
8.017503062265770e-002	1.648794e-001
8.025363192832188e-002	2.387896e-001
8.032565767116570e-002	3.063900e-001
8.042186803120832e-002	3.964383e-001
8.085823762595495e-002	7.991051e-001
8.132318046550462e-002	1.211462e+000
8.177633348500957e-002	1.588603e+000
8.262491925495985e-002	2.202916e+000
8.355481926935071e-002	2.696078e+000
8.402302394746684e-002	2.859800e+000
8.436870906620433e-002	2.941193e+000
8.470645576474289e-002	2.987252e+000
8.512616288177952e-002	2.997644e+000
8.550541260490015e-002	2.962263e+000
8.612164005101795e-002	2.815669e+000
8.711189314708386e-002	2.363578e+000
8.864360326359595e-002	1.240035e+000
8.941122592938612e-002	5.517477e-001
8.954581763451755e-002	4.266058e-001
8.981500104478041e-002	1.742593e-001
8.991787733253849e-002	7.739020e-002
8.997411773287944e-002	2.439319e-002
9.000525083889674e-002	-4.948797e-003
9.002720728267323e-002	-2.564195e-002
9.004849193797325e-002	-4.570081e-002
9.007150407494458e-002	-6.738534e-002
9.009543184066171e-002	-8.992892e-002
9.012036452934079e-002	-1.134139e-001
9.014588062550763e-002	-1.374411e-001
9.017190144771299e-002	-1.619346e-001
9.019841287503809e-002	-1.868787e-001
9.022557521337772e-002	-2.124217e-001
9.025376692331985e-002	-2.389164e-001
9.028374180622484e-002	-2.670663e-001
9.031701244036386e-002	-2.982835e-001
9.035707599860435e-002	-3.358308e-001
9.041388732548371e-002	-3.889814e-001
9.049983819487568e-002	-4.691528e-001
9.059065139754020e-002	-5.534868e-001
9.069859038090400e-002	-6.531331e-001
9.085715851402212e-002	-7.981248e-001
9.109728288671408e-002	-1.013804e+000
9.146957655004132e-002	-1.336362e+000
9.205514248799364e-002	-1.805134e+000
9.293064053551524e-002	-2.388054e+000
9.357995294024477e-002	-2.706383e+000
9.433311161167965e-002	-2.934399e+000
9.466394277230728e-002	-2.983296e+000
9.497036296525058e-002	-2.999870e+000
9.528898419433057e-002	-2.987645e+000
9.577030899036880e-002	-2.912582e+000
9.654959807185340e-002	-2.651474e+000
9.778523450771216e-002	-1.922974e+000
9.926980405007285e-002	-6.821735e-001
9.934259145173503e-002	-6.151975e-001
9.948816625505941e-002	-4.803159e-001
9.957852500285405e-002	-3.960711e-001
9.964240514490033e-002	-3.363167e-001
9.969552034545760e-002	-2.865279e-001
9.975567620393482e-002	-2.300437e-001
9.977303775699618e-002	-2.137257e-001
9.979226526323530e-002	-1.956464e-001
9.981260185479646e-002	-1.765166e-001
9.983221593534196e-002	-1.580595e-001
9.985292565006076e-002	-1.385650e-001
9.987221790179729e-002	-1.203994e-001
9.989431762237901e-002	-9.958500e-002
9.991862267835584e-002	-7.668796e-002
9.994845303537298e-002	-4.857974e-002
9.997933467322483e-002	-1.947648e-002
1.000114986769284e-001	1.083722e-002
1.000408589986662e-001	3.850764e-002
1.000714072277310e-001	6.729408e-002
1.001057011013538e-001	9.960263e-002
1.001526864354894e-001	1.438484e-001
1.002280413032505e-001	2.147401e-001
1.003035322029627e-001	2.856390e-001
1.003872964516058e-001	3.641183e-001
1.007434304870327e-001	6.943141e-001
1.012046736499244e-001	1.108468e+000
1.016705078717148e-001	1.503134e+000
1.026021763152955e-001	2.188309e+000
1.035205799340537e-001	2.681769e+000
1.041219758318100e-001	2.886591e+000
1.044429077012924e-001	2.954171e+000
1.047961648721261e-001	2.993851e+000
1.052241507464076e-001	2.992565e+000
1.056648724439917e-001	2.934794e+000
1.063795930514289e-001	2.722614e+000
1.075195324636740e-001	2.108263e+000
1.086398392007990e-001	1.243265e+000
1.093258755955019e-001	6.306085e-001
1.096961722390209e-001	2.859163e-001
1.097338718756859e-001	2.505277e-001
1.098092711490161e-001	1.796502e-001
1.098682068792242e-001	1.241766e-001
1.099159859805323e-001	7.917216e-002
1.099488163260393e-001	4.823740e-002
1.099749104794006e-001	2.364607e-002
1.099967303425336e-001	3.081579e-003
1.100175134161722e-001	-1.650592e-002
1.100367137491217e-001	-3.460113e-002
1.100581568760798e-001	-5.480852e-002
1.100813223742516e-001	-7.663620e-002
1.101056213876652e-001	-9.952755e-002
1.101307880510912e-001	-1.232302e-001
1.101565069876673e-001	-1.474449e-001
1.101827173905814e-001	-1.721125e-001
1.102094644898589e-001	-1.972732e-001
1.102369867252612e-001	-2.231484e-001
1.102657880717097e-001	-2.502084e-001
1.102968658089454e-001	-2.793840e-001
1.103322781875643e-001	-3.125964e-001
1.103772953480283e-001	-3.547604e-001
1.104508963075660e-001	-4.235400e-001
1.105397528044089e-001	-5.062707e-001
1.106333906263299e-001	-5.930250e-001
1.107603888409120e-001	-7.098531e-001
1.109507584461629e-001	-8.828042e-001
1.112399587051621e-001	-1.139301e+000
1.116953823515905e-001	-1.523377e+000
1.124019792650435e-001	-2.055001e+000
1.129901614050072e-001	-2.421589e+000
1.136301714903569e-001	-2.726466e+000
1.140779811185568e-001	-2.875022e+000
1.144098760964015e-001	-2.948592e+000
1.147561577104088e-001	-2.991202e+000
1.152092185339432e-001	-2.993522e+000
1.156405797844437e-001	-2.939456e+000
1.163403566895656e-001	-2.737937e+000
1.174578593814748e-001	-2.149218e+000
1.188212146490593e-001	-1.085759e+000
1.192232166567473e-001	-7.248563e-001
1.194855247125727e-001	-4.827732e-001
1.195973954051879e-001	-3.784350e-001
1.196699185446561e-001	-3.105372e-001
1.197276537134516e-001	-2.563673e-001
1.197627457379551e-001	-2.233999e-001
1.197844962988877e-001	-2.029523e-001
1.198092468136069e-001	-1.796731e-001
1.198336927582926e-001	-1.566696e-001
1.198593013056191e-001	-1.325622e-001
1.198899275214148e-001	-1.037202e-001
1.199262911097173e-001	-6.946278e-002
1.199573716888766e-001	-4.017504e-002
1.199902867391748e-001	-9.154518e-003
1.200224279992824e-001	2.113772e-002
1.200518059230359e-001	4.882378e-002
1.200833390162403e-001	7.853620e-002
1.201207915464361e-001	1.138160e-001
1.201774953125608e-001	1.671987e-001
1.202564497082685e-001	2.414368e-001
1.203284718517501e-001	3.090283e-001
1.204261215494841e-001	4.004116e-001
1.208707294013396e-001	8.104468e-001
1.213373252510308e-001	1.223646e+000
1.217916427082777e-001	1.600824e+000
1.226344262830633e-001	2.208988e+000
1.235645941332234e-001	2.700106e+000
1.240301370109472e-001	2.861819e+000
1.243740311473858e-001	2.942178e+000
1.247128709929802e-001	2.987803e+000
1.251340840755323e-001	2.997339e+000
1.255183066721268e-001	2.960317e+000
1.261425311727390e-001	2.808813e+000
1.271450890640830e-001	2.344182e+000
1.285037248495202e-001	1.358843e+000
1.293052260886597e-001	6.496220e-001
1.294407371733672e-001	5.243851e-001
1.297117593427822e-001	2.712893e-001
1.298483263643799e-001	1.428949e-001
1.299259833630205e-001	6.975275e-002
1.299680687276018e-001	3.009401e-002
1.299955687677324e-001	4.176337e-003
1.300165193684550e-001	-1.556907e-002
1.300370323070884e-001	-3.490134e-002
1.300583230863969e-001	-5.496514e-002
1.300817137194236e-001	-7.700491e-002
1.301060090747757e-001	-9.989273e-002
1.301312059925794e-001	-1.236237e-001
1.301569357860866e-001	-1.478486e-001
1.301831544938016e-001	-1.725238e-001
1.302099131405398e-001	-1.976951e-001
1.302374512519626e-001	-2.235850e-001
1.302662805345005e-001	-2.506709e-001
1.302974089823833e-001	-2.798937e-001
1.303329218677820e-001	-3.131997e-001
1.303781844682974e-001	-3.555925e-001
1.304527739664468e-001	-4.252919e-001
1.305422211369498e-001	-5.085635e-001
1.306361224610153e-001	-5.955486e-001
1.307643699804517e-001	-7.134981e-001
1.309568726074665e-001	-8.883098e-001
1.312493117247252e-001	-1.147451e+000
1.317101693166438e-001	-1.535366e+000
1.324243632484088e-001	-2.070319e+000
1.330166710950775e-001	-2.436253e+000
1.336616028731005e-001	-2.738692e+000
1.341009879831697e-001	-2.881141e+000
1.344271415943069e-001	-2.951548e+000
1.347770555750572e-001	-2.992645e+000
1.352170211869339e-001	-2.993030e+000
1.356532740032428e-001	-2.937041e+000
1.363608627548650e-001	-2.729981e+000
1.374901072410798e-001	-2.127903e+000
1.388347275057788e-001	-1.073877e+000
1.392340911477441e-001	-7.149068e-001
1.394926709881372e-001	-4.761245e-001
1.396021268422141e-001	-3.740109e-001
1.396732733827040e-001	-3.073922e-001
1.397345329536434e-001	-2.499069e-001
1.397668992660215e-001	-2.194960e-001
1.397884124896049e-001	-1.992697e-001
1.398123668234423e-001	-1.767377e-001
1.398367778907994e-001	-1.537658e-001
1.398625379925132e-001	-1.295146e-001
1.398934239301046e-001	-1.004268e-001
1.399301937108244e-001	-6.578560e-002
1.399617056053723e-001	-3.609075e-002
1.399946197664221e-001	-5.070748e-003
1.400267820438844e-001	2.524118e-002
1.400571304176920e-001	5.384126e-002
1.400889385199665e-001	8.381167e-002
1.401284078930225e-001	1.209888e-001
1.401915875450457e-001	1.804580e-001
1.402644168380279e-001	2.489205e-001
1.403404007986483e-001	3.202091e-001
1.404408475264389e-001	4.141620e-001
1.406080520839657e-001	5.695966e-001
1.409290512066643e-001	8.632311e-001
1.414040428972826e-001	1.280784e+000
1.420979327861994e-001	1.837181e+000
1.430394951891365e-001	2.448743e+000
1.437163874409583e-001	2.759361e+000
1.441412015239948e-001	2.891473e+000
1.444573630130999e-001	2.956513e+000
1.448137069277453e-001	2.994864e+000
1.452306915067831e-001	2.992125e+000
1.456755123999260e-001	2.932698e+000
1.463967706527737e-001	2.715776e+000
1.475464928507703e-001	2.090111e+000
1.486512959925394e-001	1.233430e+000
1.493310185121874e-001	6.258689e-001
1.496974740476635e-001	2.846949e-001
1.497348387546235e-001	2.496196e-001
1.498095681685436e-001	1.793707e-001
1.498687745671788e-001	1.236420e-001
1.499165270356556e-001	7.866240e-002
1.499493134170953e-001	4.776896e-002
1.499753479262699e-001	2.323380e-002
1.499971200894908e-001	2.714251e-003
1.500178713561678e-001	-1.684327e-002
1.500370516667614e-001	-3.491959e-002
1.500585585902813e-001	-5.518706e-002
1.500817335459289e-001	-7.702359e-002
1.501060558569435e-001	-9.993680e-002
1.501312321012950e-001	-1.236483e-001
1.501569603325730e-001	-1.478717e-001
1.501831791412705e-001	-1.725470e-001
1.502099371039291e-001	-1.977177e-001
1.502374763625057e-001	-2.236086e-001
1.502663069131023e-001	-2.506956e-001
1.502974381528424e-001	-2.799211e-001
1.503329564395798e-001	-3.132321e-001
1.503782323242230e-001	-3.556373e-001
1.504528758690290e-001	-4.253869e-001
1.505423557442776e-001	-5.086886e-001
1.506362716349308e-001	-5.956864e-001
1.507645875478727e-001	-7.136973e-001
1.509572070919644e-001	-8.886110e-001
1.512498233656241e-001	-1.147897e+000
1.517109781116389e-001	-1.536021e+000
1.524255863764959e-001	-2.071154e+000
1.530181186499294e-001	-2.437049e+000
1.536633191324607e-001	-2.739352e+000
1.541022456090817e-001	-2.881471e+000
1.544280859043080e-001	-2.951707e+000
1.547781994257249e-001	-2.992720e+000
1.552174480881256e-001	-2.993003e+000
1.556539685099586e-001	-2.936908e+000
1.563619844654992e-001	-2.729542e+000
1.574918702560536e-001	-2.126731e+000
1.588372939806107e-001	-1.071618e+000
1.592363855146925e-001	-7.128065e-001
1.594944078831957e-001	-4.745082e-001
1.596033232753279e-001	-3.728921e-001
1.596741697909151e-001	-3.065517e-001
1.597365294147751e-001	-2.480317e-001
1.597682318702202e-001	-2.182434e-001
1.597896917714748e-001	-1.980667e-001
1.598133993953630e-001	-1.757662e-001
1.598378307520054e-001	-1.527748e-001
1.598636812525595e-001	-1.284381e-001
1.598947057254425e-001	-9.921942e-002
1.599316888261616e-001	-6.437682e-002
1.599631486893919e-001	-3.473077e-002
1.599962990913406e-001	-3.488024e-003
1.600287893675273e-001	2.713297e-002
1.600597820372587e-001	5.633993e-002
1.600917492002584e-001	8.645961e-002
1.601323022897271e-001	1.246561e-001
1.601994747885950e-001	1.878775e-001
1.602815957260526e-001	2.650517e-001
1.603556278318588e-001	3.344745e-001
1.604652311614002e-001	4.369106e-001
1.606512254039023e-001	6.094928e-001
1.610232138889065e-001	9.478339e-001
1.614893863072787e-001	1.353051e+000
1.620840808747887e-001	1.826843e+000
1.631897043547324e-001	2.527771e+000
1.638232151385225e-001	2.797310e+000
1.642200121291974e-001	2.910383e+000
1.645232813931185e-001	2.966418e+000
1.648997253940450e-001	2.998512e+000
1.652627193668394e-001	2.989788e+000
1.657276034621057e-001	2.921965e+000
1.664807994008350e-001	2.681186e+000
1.676780147619333e-001	1.999431e+000
1.687118231470865e-001	1.181209e+000
1.693481924634228e-001	6.100299e-001
1.697037608586721e-001	2.787960e-001
1.697386679670941e-001	2.460230e-001
1.698084821839382e-001	1.803924e-001
1.698660162653790e-001	1.262394e-001
1.699146994694570e-001	8.038423e-002
1.699477449476063e-001	4.924702e-002
1.699740296669692e-001	2.447619e-002
1.699959674910344e-001	3.800549e-003
1.700168326289099e-001	-1.586431e-002
1.700360779536690e-001	-3.400194e-002
1.700573999826500e-001	-5.409528e-002
1.700805489610229e-001	-7.590751e-002
1.701048034536550e-001	-9.875708e-002
1.701299521299397e-001	-1.224430e-001
1.701556534562260e-001	-1.466415e-001
1.701818480919545e-001	-1.712946e-001
1.702085749216155e-001	-1.964366e-001
1.702360654944784e-001	-2.222826e-001
1.702648126236192e-001	-2.492922e-001
1.702957911849874e-001	-2.783756e-001
1.703310077488028e-001	-3.114055e-001
1.703755502289684e-001	-3.531272e-001
1.704472905186019e-001	-4.201754e-001
1.705350983519242e-001	-5.019463e-001
1.706282543106965e-001	-5.882788e-001
1.707529192765197e-001	-7.030112e-001
1.709393227414649e-001	-8.724978e-001
1.712224564054380e-001	-1.124024e+000
1.716677140378237e-001	-1.500855e+000
1.723599735577460e-001	-2.025980e+000
1.729403253500739e-001	-2.393568e+000
1.735710820518982e-001	-2.702765e+000
1.740348608803841e-001	-2.863151e+000
1.743775666256205e-001	-2.942827e+000
1.747171343613921e-001	-2.988162e+000
1.751393479709118e-001	-2.997126e+000
1.755268749199360e-001	-2.958997e+000
1.761564106160095e-001	-2.804191e+000
1.771671267505968e-001	-2.331165e+000
1.787259921763268e-001	-1.168922e+000
1.791594038219610e-001	-7.830669e-001
1.794512436511226e-001	-5.146326e-001
1.795763199940470e-001	-3.981310e-001
1.796569969723663e-001	-3.226475e-001
1.797069770596035e-001	-2.757777e-001
1.797576846403945e-001	-2.281563e-001
1.797805147185279e-001	-2.066961e-001
1.798063000152860e-001	-1.824453e-001
1.798317894517069e-001	-1.584609e-001
1.798588408834232e-001	-1.329957e-001
1.798913113203185e-001	-1.024168e-001
1.799304371302009e-001	-6.555624e-002
1.799623391261591e-001	-3.549371e-002
1.799952171866406e-001	-4.507694e-003
1.800273324127315e-001	2.575988e-002
1.800579184150947e-001	5.458381e-002
1.800897449484745e-001	8.457141e-002
1.801295270391113e-001	1.220427e-001
1.801938159308933e-001	1.825544e-001
1.802668913330160e-001	2.512445e-001
1.803431097165672e-001	3.227474e-001
1.804448870160679e-001	4.179324e-001
1.806152344855778e-001	5.762413e-001
1.809453934631001e-001	8.779704e-001
1.814177887869726e-001	1.292488e+000
1.820851859340018e-001	1.827669e+000
1.830359813636521e-001	2.446828e+000
1.837219847850065e-001	2.761427e+000
1.841453180651212e-001	2.892505e+000
1.844604597206737e-001	2.957007e+000
1.848174675267045e-001	2.995069e+000
1.852320932161727e-001	2.992029e+000
1.856777925032676e-001	2.932245e+000
1.864004511395171e-001	2.714300e+000
1.875522661957534e-001	2.086204e+000
1.886537676165898e-001	1.231306e+000
1.893331068093780e-001	6.239439e-001
1.896980489146769e-001	2.841556e-001
1.897352441884271e-001	2.492389e-001
1.898096347359274e-001	1.793081e-001
1.898689730712937e-001	1.234551e-001
1.899167336214911e-001	7.846776e-002
1.899495066583575e-001	4.758686e-002
1.899755199474388e-001	2.307168e-002
1.899972739194382e-001	2.569270e-003
1.900180131590198e-001	-1.697691e-002
1.900371858061703e-001	-3.504600e-002
1.900587178594508e-001	-5.533714e-002
1.900818965868716e-001	-7.717720e-002
1.901062280707472e-001	-1.000990e-001
1.901314081007368e-001	-1.238140e-001
1.901571400049894e-001	-1.480408e-001
1.901833621496316e-001	-1.727192e-001
1.902101244363583e-001	-1.978938e-001
1.902376704815751e-001	-2.237911e-001
1.902665126854269e-001	-2.508889e-001
1.902976652901936e-001	-2.801342e-001
1.903332259222208e-001	-3.134847e-001
1.903786056489870e-001	-3.559867e-001
1.904536735333763e-001	-4.261311e-001
1.905434116032844e-001	-5.096692e-001
1.906374425721811e-001	-5.967680e-001
1.907662957291935e-001	-7.152609e-001
1.909598349842389e-001	-8.909763e-001
1.912538420116412e-001	-1.151395e+000
1.917173317800035e-001	-1.541162e+000
1.924351890141461e-001	-2.077692e+000
1.930294799763067e-001	-2.443278e+000
1.936767897124991e-001	-2.744503e+000
1.941121213590105e-001	-2.884047e+000
1.944355031507931e-001	-2.952948e+000
1.947871871102298e-001	-2.993298e+000
1.952208018003027e-001	-2.992785e+000
1.956594244305466e-001	-2.935854e+000
1.963707957464263e-001	-2.726086e+000
1.975057155313576e-001	-2.117508e+000
1.988574800326272e-001	-1.053827e+000
1.992544435547294e-001	-6.962632e-001
1.995081621175283e-001	-4.617040e-001
1.996128152144952e-001	-3.640139e-001
1.996813944210932e-001	-2.997775e-001
1.997476012621824e-001	-2.376310e-001
1.997759528241675e-001	-2.109852e-001
1.997972031480679e-001	-1.910022e-001
1.998195825280367e-001	-1.699484e-001
1.998442659799529e-001	-1.467173e-001
1.998707729978668e-001	-1.217601e-001
1.999027793685651e-001	-9.161404e-002
1.999412757905877e-001	-5.534313e-002
1.999729385218080e-001	-2.550454e-002
2.000072779338396e-001	6.859285e-003
2.000374455666870e-001	3.529080e-002
2.000683406742228e-001	6.440462e-002
2.001017854649601e-001	9.591419e-002
2.001467771416345e-001	1.382852e-001
2.002213340894726e-001	2.084344e-001
2.002993817013572e-001	2.817448e-001
2.003799685701355e-001	3.572621e-001
2.007216760144546e-001	6.743516e-001
2.011613528053693e-001	1.070427e+000
2.016249337602357e-001	1.465809e+000
2.025393202355949e-001	2.147362e+000
2.034400401900731e-001	2.646892e+000
2.041084247963024e-001	2.883086e+000
2.044327264356578e-001	2.952486e+000
2.047838218424583e-001	2.993084e+000
2.052195461936383e-001	2.992867e+000
2.056573817894759e-001	2.936250e+000
2.063674970336441e-001	2.727382e+000
2.075005329700951e-001	2.120965e+000
2.086318611128261e-001	1.250104e+000
2.093226064003367e-001	6.336205e-001
2.096953851909573e-001	2.866547e-001
2.097332702177289e-001	2.510928e-001
2.098090402712719e-001	1.798674e-001
2.098678756058081e-001	1.244886e-001
2.099156861245445e-001	7.945466e-002
2.099485457871094e-001	4.849234e-002
2.099746747458618e-001	2.386824e-002
2.099965209493785e-001	3.278927e-003
2.100173217012714e-001	-1.632524e-002
2.100365331322646e-001	-3.443091e-002
2.100579418462424e-001	-5.460589e-002
2.100811023071633e-001	-7.642885e-002
2.101053887526054e-001	-9.930842e-002
2.101305502663464e-001	-1.230062e-001
2.101562642090798e-001	-1.472164e-001
2.101824701167529e-001	-1.718799e-001
2.102092114257740e-001	-1.970352e-001
2.102367246036428e-001	-2.229021e-001
2.102655104268260e-001	-2.499476e-001
2.102965597486753e-001	-2.790968e-001
2.103319159564456e-001	-3.122568e-001
2.103767964665698e-001	-3.542935e-001
2.104498549960566e-001	-4.225684e-001
2.105383954244579e-001	-5.050097e-001
2.106318910689970e-001	-5.916395e-001
2.107582058553799e-001	-7.078539e-001
2.109474116092626e-001	-8.797891e-001
2.112348373788394e-001	-1.134835e+000
2.116872860857192e-001	-1.516798e+000
2.123897038930666e-001	-2.046557e+000
2.129756094461206e-001	-2.413468e+000
2.136129177721652e-001	-2.719643e+000
2.140653723817748e-001	-2.871606e+000
2.144004216871803e-001	-2.946936e+000
2.147447272725997e-001	-2.990358e+000
2.152049479868667e-001	-2.993784e+000
2.156336316500638e-001	-2.940758e+000
2.163291300690853e-001	-2.742245e+000
2.174401899833721e-001	-2.160803e+000
2.188200293483513e-001	-1.086800e+000
2.192232517775974e-001	-7.248241e-001
2.194863555212228e-001	-4.820004e-001
2.195981404683978e-001	-3.777384e-001
2.196705843527207e-001	-3.099130e-001
2.197287848839729e-001	-2.553051e-001
2.197634375759959e-001	-2.227497e-001
2.197852009396577e-001	-2.022897e-001
2.198097811460405e-001	-1.791704e-001
2.198342732535705e-001	-1.561232e-001
2.198599845056593e-001	-1.319189e-001
2.198907567343005e-001	-1.029391e-001
2.199273388580274e-001	-6.847557e-002
2.199584594652893e-001	-3.914992e-002
2.199915220510999e-001	-7.990269e-003
2.200238766567646e-001	2.250301e-002
2.200534350251981e-001	5.035896e-002
2.200851211683067e-001	8.021525e-002
2.201231380631857e-001	1.160259e-001
2.201817275363610e-001	1.711811e-001
2.202612979709254e-001	2.459911e-001
2.203334245568851e-001	3.136709e-001
2.204335963685914e-001	4.073923e-001
2.208931221011159e-001	8.307465e-001
2.213624036266157e-001	1.245188e+000
2.220837902409344e-001	1.826626e+000
2.230066945104239e-001	2.430754e+000
2.238589787382490e-001	2.809312e+000
2.242465080245060e-001	2.916340e+000
2.245562669797777e-001	2.970897e+000
2.248936222112989e-001	2.998325e+000
2.252604489061481e-001	2.989963e+000
2.257239112433169e-001	2.922752e+000
2.264748473322757e-001	2.683698e+000
2.276687187643254e-001	2.005954e+000
2.287047944575329e-001	1.187295e+000
2.293402766240433e-001	6.173327e-001
2.297008316936574e-001	2.815446e-001
2.297368766103305e-001	2.477056e-001
2.298089664436767e-001	1.799368e-001
2.298672290046957e-001	1.250974e-001
2.299153188887458e-001	7.980065e-002
2.299481941771016e-001	4.882368e-002
2.299743787195533e-001	2.414723e-002
2.299962599570916e-001	3.524907e-003
2.300170841343120e-001	-1.610134e-002
2.300363097960892e-001	-3.422043e-002
2.300576757753791e-001	-5.435516e-002
2.300808300514750e-001	-7.617234e-002
2.301051008628903e-001	-9.903723e-002
2.301302559894122e-001	-1.227291e-001
2.301559637364244e-001	-1.469336e-001
2.301821640872084e-001	-1.715919e-001
2.302088982562549e-001	-1.967407e-001
2.302364002806008e-001	-2.225973e-001
2.302651670031213e-001	-2.496251e-001
2.302961813834948e-001	-2.787417e-001
2.303314685933532e-001	-3.118375e-001
2.303761817835765e-001	-3.537183e-001
2.304485836727489e-001	-4.213821e-001
2.305367517999968e-001	-5.034826e-001
2.306300773466750e-001	-5.899636e-001
2.307555679062526e-001	-7.054377e-001
2.309433725327332e-001	-8.761489e-001
2.312286556027151e-001	-1.129439e+000
2.316775136964744e-001	-1.508845e+000
2.323748691716480e-001	-2.036312e+000
2.329580105129742e-001	-2.403579e+000
2.335920511792853e-001	-2.711283e+000
2.340501430805832e-001	-2.867419e+000
2.343890097975875e-001	-2.944903e+000
2.347309427339551e-001	-2.989289e+000
2.351997951632415e-001	-2.994092e+000
2.356252477532744e-001	-2.942310e+000
2.363155810729815e-001	-2.747399e+000
2.374188520073534e-001	-2.174705e+000
2.388183170786470e-001	-1.088304e+000
2.392232175661609e-001	-7.248554e-001
2.394873294541079e-001	-4.810943e-001
2.395990475251571e-001	-3.768903e-001
2.396713931039499e-001	-3.091549e-001
2.397301874157267e-001	-2.539880e-001
2.397643101745524e-001	-2.219295e-001
2.397860796658214e-001	-2.014634e-001
2.398104559017564e-001	-1.785356e-001
2.398349981571847e-001	-1.554409e-001
2.398608261837091e-001	-1.311264e-001
2.398917658721309e-001	-1.019886e-001
2.399285996645517e-001	-6.728759e-002
2.399597128310592e-001	-3.796875e-002
2.399929436779347e-001	-6.650421e-003
2.400255407895149e-001	2.407137e-002
2.400555207190893e-001	5.232439e-002
2.400873370135045e-001	8.230287e-002
2.401261235125503e-001	1.188375e-001
2.401872634365608e-001	1.763898e-001
2.402676441976116e-001	2.519516e-001
2.403400952810392e-001	3.199227e-001
2.404436613263429e-001	4.167884e-001
2.406038363454785e-001	5.656952e-001
2.409241863837497e-001	8.588390e-001
2.413966595849384e-001	1.274489e+000
2.420912221497759e-001	1.832177e+000
2.430202316972131e-001	2.438210e+000
2.437283022309348e-001	2.763748e+000
2.441499659408521e-001	2.893664e+000
2.444639567950959e-001	2.957561e+000
2.448217154289754e-001	2.995296e+000
2.452336763686299e-001	2.991920e+000
2.456803677186423e-001	2.931731e+000
2.464046077280200e-001	2.712629e+000
2.475587850017543e-001	2.081784e+000
2.486565671951655e-001	1.228899e+000
2.493293987047960e-001	6.273618e-001
2.496969421029003e-001	2.851940e-001
2.497344990520555e-001	2.499387e-001
2.498096129503660e-001	1.793286e-001
2.498685155273062e-001	1.238860e-001
2.499162244785896e-001	7.894745e-002
2.499490199305118e-001	4.804553e-002
2.499750824809366e-001	2.348397e-002
2.499968815255256e-001	2.939092e-003
2.500176503734875e-001	-1.663500e-002
2.500368421141851e-001	-3.472210e-002
2.500583095974541e-001	-5.495243e-002
2.500814784763063e-001	-7.678327e-002
2.501057863916690e-001	-9.968297e-002
2.501309566696773e-001	-1.233889e-001
2.501566791420155e-001	-1.476070e-001
2.501828927328562e-001	-1.722775e-001
2.502096439488349e-001	-1.974420e-001
2.502371726316995e-001	-2.233232e-001
2.502659850343906e-001	-2.503934e-001
2.502970830204542e-001	-2.795878e-001
2.503325354590787e-001	-3.128375e-001
2.503776503168536e-001	-3.550926e-001
2.504516425431236e-001	-4.242363e-001
2.505407308521551e-001	-5.071793e-001
2.506344722653621e-001	-5.940242e-001
2.507619644892856e-001	-7.112958e-001
2.509531766550212e-001	-8.849821e-001
2.512436584041056e-001	-1.142526e+000
2.517012313508409e-001	-1.528123e+000
2.524108388497759e-001	-2.061076e+000
2.530006579364989e-001	-2.427415e+000
2.536426167778915e-001	-2.731339e+000
2.540870849807484e-001	-2.877461e+000
2.544167059008081e-001	-2.949771e+000
2.547644207462768e-001	-2.991788e+000
2.552123044676694e-001	-2.993330e+000
2.556456004186993e-001	-2.938507e+000
2.563484677195961e-001	-2.734804e+000
2.574706188787059e-001	-2.140810e+000
2.588219150362040e-001	-1.085144e+000
2.592231449877213e-001	-7.249218e-001
2.594849048053731e-001	-4.833498e-001
2.595968580078238e-001	-3.789374e-001
2.596694379932656e-001	-3.109877e-001
2.597268489814850e-001	-2.571229e-001
2.597622600976824e-001	-2.238563e-001
2.597839968215719e-001	-2.034220e-001
2.598088719675871e-001	-1.800257e-001
2.598332816095643e-001	-1.570566e-001
2.598588119472187e-001	-1.330230e-001
2.598893276871057e-001	-1.042852e-001
2.599255264365008e-001	-7.018328e-002
2.599565505883777e-001	-4.094883e-002
2.599893604492267e-001	-1.002752e-002
2.600213473895457e-001	2.011929e-002
2.600506909046500e-001	4.777303e-002
2.600820906429137e-001	7.736003e-002
2.601191771217945e-001	1.122956e-001
2.601746349563226e-001	1.645070e-001
2.602531789579917e-001	2.383640e-001
2.603252104328953e-001	3.059707e-001
2.604211910686623e-001	3.958058e-001
2.608561425255829e-001	7.972017e-001
2.613209618495249e-001	1.209549e+000
2.617740749763296e-001	1.586797e+000
2.626240906936393e-001	2.202386e+000
2.635541034749745e-001	2.695782e+000
2.640225032629617e-001	2.859652e+000
2.643683195565496e-001	2.941121e+000
2.647059863723335e-001	2.987211e+000
2.651255832792011e-001	2.997665e+000
2.655044691119828e-001	2.962403e+000
2.661201111871968e-001	2.816165e+000
2.671094626139888e-001	2.364989e+000
2.686399691927549e-001	1.243153e+000
2.694092222386118e-001	5.536038e-001
2.695439067665064e-001	4.283884e-001
2.698132758222956e-001	1.758825e-001
2.699170708804333e-001	7.815001e-002
2.699736274113789e-001	2.485530e-002
2.700049256056753e-001	-4.642272e-003
2.700269351138537e-001	-2.538544e-002
2.700482656881569e-001	-4.548760e-002
2.700712462338308e-001	-6.714239e-002
2.700951763049471e-001	-8.968819e-002
2.701200978215232e-001	-1.131627e-001
2.701456098982301e-001	-1.371862e-001
2.701716256032086e-001	-1.616750e-001
2.701981313995003e-001	-1.866139e-001
2.702252854550155e-001	-2.121493e-001
2.702534632906339e-001	-2.386312e-001
2.702834134614012e-001	-2.667581e-001
2.703166369727496e-001	-2.979314e-001
2.703565970210881e-001	-3.353822e-001
2.704131082771319e-001	-3.882533e-001
2.704991573364249e-001	-4.685190e-001
2.705900067766416e-001	-5.528896e-001
2.706976390497616e-001	-6.522580e-001
2.708557315630200e-001	-7.968283e-001
2.710951381600140e-001	-1.011901e+000
2.714661633130645e-001	-1.333481e+000
2.720498429474584e-001	-1.801142e+000
2.729231053352498e-001	-2.383749e+000
2.735747497490549e-001	-2.704263e+000
2.743267037108422e-001	-2.933137e+000
2.746559827330731e-001	-2.982496e+000
2.749584454161602e-001	-2.999744e+000
2.752845541896030e-001	-2.988021e+000
2.757631068200120e-001	-2.914201e+000
2.765380012841270e-001	-2.656570e+000
2.777671915567235e-001	-1.935995e+000
2.792630869771152e-001	-6.883368e-001
2.793465118267583e-001	-6.115807e-001
2.795133615260446e-001	-4.568614e-001
2.796002106737947e-001	-3.758027e-001
2.796598103382756e-001	-3.200112e-001
2.797207136718081e-001	-2.628836e-001
2.797509777041102e-001	-2.344587e-001
2.797707008872370e-001	-2.159225e-001
2.797910490699678e-001	-1.967902e-001
2.798113261719242e-001	-1.777168e-001
2.798310076345009e-001	-1.591967e-001
2.798517410835262e-001	-1.396802e-001
2.798710583301318e-001	-1.214914e-001
2.798901849326336e-001	-1.034777e-001
2.799089376110742e-001	-8.581258e-002
2.799280791312996e-001	-6.777805e-002
2.799486660883059e-001	-4.837897e-002
2.799736411884573e-001	-2.484231e-002
2.800022915620792e-001	2.159746e-003
2.800318253511542e-001	2.999419e-002
2.800617368870543e-001	5.818200e-002
2.800940667608600e-001	8.864293e-002
2.801357618851471e-001	1.279138e-001
2.802073346630834e-001	1.952702e-001
2.802902817784590e-001	2.732051e-001
2.803655859504406e-001	3.437996e-001
2.804802911870734e-001	4.509481e-001
2.806800773281609e-001	6.360925e-001
2.810796496103359e-001	9.981472e-001
2.815367359360541e-001	1.392729e+000
2.823989473121984e-001	2.052918e+000
2.832537726497561e-001	2.559777e+000
2.840585852464740e-001	2.869748e+000
2.843953348113666e-001	2.946035e+000
2.847385810813879e-001	2.989888e+000
2.852026508487050e-001	2.993922e+000
2.856298941347510e-001	2.941453e+000
2.863230903052385e-001	2.744549e+000
2.874306799167957e-001	2.167011e+000
2.886049479122167e-001	1.273117e+000
2.893186943798666e-001	6.372238e-001
2.896113518777930e-001	3.653828e-001
2.898236881499174e-001	1.660850e-001
2.899141738656098e-001	8.087943e-002
2.899761067775727e-001	2.251862e-002
2.900086947715952e-001	-8.194619e-003
2.900323521010143e-001	-3.049061e-002
2.900572219453549e-001	-5.392751e-002
2.900901169685437e-001	-8.492190e-002
2.901169569271023e-001	-1.102045e-001
2.901445849890254e-001	-1.362213e-001
2.901709144920607e-001	-1.610057e-001
2.901976473337656e-001	-1.861586e-001
2.902248599984804e-001	-2.117493e-001
2.902530301353331e-001	-2.382242e-001
2.902829615510856e-001	-2.663339e-001
2.903161124470622e-001	-2.974395e-001
2.903559403413389e-001	-3.347672e-001
2.904120230971561e-001	-3.872391e-001
2.904982343010298e-001	-4.676597e-001
2.905891525130329e-001	-5.520983e-001
2.906963579102927e-001	-6.510794e-001
2.908538315616600e-001	-7.951018e-001
2.910922436157158e-001	-1.009333e+000
2.914616282083595e-001	-1.329650e+000
2.920427017638738e-001	-1.795755e+000
2.929130298380545e-001	-2.377972e+000
2.935677982429834e-001	-2.701420e+000
2.943181340190081e-001	-2.931431e+000
2.946453355681093e-001	-2.981397e+000
2.949771689351464e-001	-2.999923e+000
2.952915139932698e-001	-2.987428e+000
2.957744217052846e-001	-2.911651e+000
2.965562191822795e-001	-2.648549e+000
2.977955304491894e-001	-1.915516e+000
2.992743152390356e-001	-6.780325e-001
2.993411734985412e-001	-6.165055e-001
2.994748900175525e-001	-4.926628e-001
2.995677533749762e-001	-4.061320e-001
2.996340947538201e-001	-3.440986e-001
2.996859683796830e-001	-2.954879e-001
2.997473551816980e-001	-2.378622e-001
2.997630696824331e-001	-2.230954e-001
2.997836764202880e-001	-2.037233e-001
2.998043336169028e-001	-1.842951e-001
2.998241170769889e-001	-1.656814e-001
2.998452074808515e-001	-1.458310e-001
2.998646632942112e-001	-1.275134e-001
2.998868224612026e-001	-1.066448e-001
2.999111137079575e-001	-8.376247e-002
2.999408837591886e-001	-5.571254e-002
2.999719391648807e-001	-2.644637e-002
3.000050950484545e-001	4.801968e-003
3.000352687822970e-001	3.323936e-002
3.000660498537618e-001	6.224605e-002
3.000990335651158e-001	9.332188e-002
3.001427606118267e-001	1.345036e-001
3.002168250592268e-001	2.041948e-001
3.002973952718340e-001	2.798809e-001
3.003757758063086e-001	3.533383e-001
3.007097675115751e-001	6.634106e-001
3.011378536440205e-001	1.049708e+000
3.015988318546979e-001	1.444296e+000
3.024987676353856e-001	2.120499e+000
3.033879515966650e-001	2.623431e+000
3.040948776044338e-001	2.879530e+000
3.044225542816479e-001	2.950771e+000
3.047715002059317e-001	2.992274e+000
3.052149475861247e-001	2.993163e+000
3.056499005187895e-001	2.937687e+000
3.063554139021132e-001	2.732106e+000
3.074815417069267e-001	2.133586e+000
3.086239697698556e-001	1.256861e+000
3.093212191668524e-001	6.348984e-001
3.096952142161314e-001	2.868151e-001
3.097330616142088e-001	2.512887e-001
3.098087564103634e-001	1.801344e-001
3.098678321298583e-001	1.245295e-001
3.099157275772509e-001	7.941561e-002
3.099486067279826e-001	4.843491e-002
3.099747387179512e-001	2.380795e-002
3.099965810704828e-001	3.222265e-003
3.100173797932754e-001	-1.637999e-002
3.100365892345201e-001	-3.448378e-002
3.100580086369412e-001	-5.466883e-002
3.100811710150664e-001	-7.649359e-002
3.101054613454438e-001	-9.937679e-002
3.101306245187738e-001	-1.230762e-001
3.101563400196393e-001	-1.472878e-001
3.101825473345877e-001	-1.719525e-001
3.102092904508556e-001	-1.971095e-001
3.102368064527740e-001	-2.229790e-001
3.102655971152616e-001	-2.500290e-001
3.102966552930601e-001	-2.791865e-001
3.103320290015194e-001	-3.123628e-001
3.103769520443930e-001	-3.544391e-001
3.104501788076113e-001	-4.228705e-001
3.105388165317947e-001	-5.054009e-001
3.106323561008315e-001	-5.920691e-001
3.107588826421251e-001	-7.084737e-001
3.109484487941652e-001	-8.807235e-001
3.112364245814530e-001	-1.136219e+000
3.116897952535006e-001	-1.518838e+000
3.123935096941248e-001	-2.049178e+000
3.129801221191056e-001	-2.415992e+000
3.136182682939357e-001	-2.721767e+000
3.140692808895224e-001	-2.872670e+000
3.144033518058113e-001	-2.947452e+000
3.147482688068776e-001	-2.990623e+000
3.152062713626495e-001	-2.993703e+000
3.156357847932889e-001	-2.940356e+000
3.163326092661142e-001	-2.740914e+000
3.174456669184209e-001	-2.157219e+000
3.188204214117577e-001	-1.086456e+000
3.192232480113452e-001	-7.248276e-001
3.194861009525686e-001	-4.822372e-001
3.195979092238885e-001	-3.779546e-001
3.196703778014708e-001	-3.101067e-001
3.197284318372660e-001	-2.556366e-001
3.197632204987487e-001	-2.229537e-001
3.197849806608711e-001	-2.024969e-001
3.198096134374804e-001	-1.793281e-001
3.198340917170899e-001	-1.562941e-001
3.198597717770709e-001	-1.321192e-001
3.198904995419074e-001	-1.031814e-001
3.199270150324486e-001	-6.878068e-002
3.199581418482514e-001	-3.944924e-002
3.199911594927367e-001	-8.331971e-003
3.200234503688538e-001	2.210125e-002
3.200529044226293e-001	4.985895e-002
3.200845576610936e-001	7.968435e-002
3.201223850015543e-001	1.153167e-001
3.201803679825265e-001	1.699019e-001
3.202597355234348e-001	2.445234e-001
3.203318156263647e-001	3.121628e-001
3.204311674812126e-001	4.051242e-001
3.208857895958885e-001	8.241038e-001
3.213542253806540e-001	1.238171e+000
3.220825948525181e-001	1.825732e+000
3.230065608306286e-001	2.430680e+000
3.238827206901813e-001	2.817084e+000
3.242641272982317e-001	2.920189e+000
3.245781903770236e-001	2.973698e+000
3.248985085375073e-001	2.998475e+000
3.252622666998463e-001	2.989823e+000
3.257268673425885e-001	2.922122e+000
3.264796127825010e-001	2.681688e+000
3.276761617400658e-001	2.000733e+000
3.287116568400587e-001	1.181353e+000
3.293439082083957e-001	6.139829e-001
3.297028068893068e-001	2.796911e-001
3.297378943281240e-001	2.467497e-001
3.298080692057585e-001	1.807809e-001
3.298656222301545e-001	1.266104e-001
3.299143942587814e-001	8.067179e-002
3.299474828154501e-001	4.949404e-002
3.299738080465892e-001	2.468506e-002
3.299957728608945e-001	3.983984e-003
3.300166679464033e-001	-1.570910e-002
3.300359254777482e-001	-3.385825e-002
3.300572185283831e-001	-5.392429e-002
3.300803640251830e-001	-7.573327e-002
3.301046076816699e-001	-9.857267e-002
3.301297521161907e-001	-1.222546e-001
3.301554491950144e-001	-1.464492e-001
3.301816400752380e-001	-1.710988e-001
3.302083620885417e-001	-1.962364e-001
3.302358451588954e-001	-2.220755e-001
3.302645794602746e-001	-2.490732e-001
3.302955345854270e-001	-2.781348e-001
3.303307049716323e-001	-3.111217e-001
3.303751361975091e-001	-3.527397e-001
3.304464497480226e-001	-4.193908e-001
3.305340352391294e-001	-5.009585e-001
3.306270824424037e-001	-5.871958e-001
3.307512183913658e-001	-7.014526e-001
3.309367249207795e-001	-8.701550e-001
3.312184794274242e-001	-1.120548e+000
3.316614273166491e-001	-1.495722e+000
3.323504075682931e-001	-2.019322e+000
3.329289606474756e-001	-2.387096e+000
3.335576068310724e-001	-2.697229e+000
3.340250519301179e-001	-2.860377e+000
3.343702262387454e-001	-2.941475e+000
3.347082842460719e-001	-2.987411e+000
3.351284206507856e-001	-2.997559e+000
3.355090878378276e-001	-2.961713e+000
3.361275952417558e-001	-2.813726e+000
3.371213589765619e-001	-2.358074e+000
3.386577494783294e-001	-1.227883e+000
3.390990581680080e-001	-8.378257e-001
3.394080707536775e-001	-5.546704e-001
3.395465777270211e-001	-4.258967e-001
3.396366230204887e-001	-3.417314e-001
3.396849486477839e-001	-2.964443e-001
3.397479903976529e-001	-2.372654e-001
3.397692475265661e-001	-2.172886e-001
3.397956055634920e-001	-1.925049e-001
3.398218556129777e-001	-1.678095e-001
3.398485965926233e-001	-1.426405e-001
3.398801165670526e-001	-1.129608e-001
3.399175476114296e-001	-7.770085e-002
3.399500566591074e-001	-4.706856e-002
3.399820605531547e-001	-1.690744e-002
3.400138915696184e-001	1.309245e-002
3.400432162563571e-001	4.072911e-002
3.400739472190627e-001	6.968734e-002
3.401088187284038e-001	1.025393e-001
3.401575329098705e-001	1.484107e-001
3.402335472238667e-001	2.199156e-001
3.403075937731732e-001	2.894493e-001
3.403939778589889e-001	3.703681e-001
3.407640696445433e-001	7.132232e-001
3.412461984812914e-001	1.144739e+000
3.417130437033463e-001	1.537693e+000
3.426467341474561e-001	2.216820e+000
3.435744631978406e-001	2.704146e+000
3.441171451925363e-001	2.885347e+000
3.444392776002139e-001	2.953574e+000
3.447917628219425e-001	2.993583e+000
3.452225087935571e-001	2.992673e+000
3.456622013599473e-001	2.935315e+000
3.463752800082324e-001	2.724319e+000
3.475127592536564e-001	2.112800e+000
3.486369847731019e-001	1.245713e+000
3.493287906302328e-001	6.279223e-001
3.496971293922929e-001	2.850183e-001
3.497344822160068e-001	2.499545e-001
3.498091878634345e-001	1.797285e-001
3.498686607374754e-001	1.237492e-001
3.499165208690431e-001	7.866821e-002
3.499493355241131e-001	4.774813e-002
3.499753801864634e-001	2.320340e-002
3.499971526108738e-001	2.683601e-003
3.500179046959190e-001	-1.687469e-002
3.500370847450914e-001	-3.495076e-002
3.500585978374820e-001	-5.522404e-002
3.500817741132393e-001	-7.706181e-002
3.501060986577029e-001	-9.997711e-002
3.501312758999599e-001	-1.236895e-001
3.501570050429744e-001	-1.479138e-001
3.501832246859778e-001	-1.725899e-001
3.502099837249895e-001	-1.977615e-001
3.502375246703668e-001	-2.236540e-001
3.502663581173178e-001	-2.507437e-001
3.502974946656401e-001	-2.799741e-001
3.503330234713329e-001	-3.132949e-001
3.503783251299223e-001	-3.557241e-001
3.504530736781307e-001	-4.255715e-001
3.505426172422057e-001	-5.089315e-001
3.506365615051157e-001	-5.959542e-001
3.507650103254754e-001	-7.140843e-001
3.509578572635671e-001	-8.891962e-001
3.512508177010617e-001	-1.148762e+000
3.517125501872342e-001	-1.537293e+000
3.524279631425868e-001	-2.072773e+000
3.530209313025168e-001	-2.438594e+000
3.536666539599039e-001	-2.740632e+000
3.541046896792469e-001	-2.882111e+000
3.544299212305984e-001	-2.952016e+000
3.547804228285902e-001	-2.992865e+000
3.552182778420506e-001	-2.992949e+000
3.556553183929850e-001	-2.936648e+000
3.563641646309430e-001	-2.728689e+000
3.574952965706810e-001	-2.124453e+000
3.588422840916688e-001	-1.067224e+000
3.592408517821364e-001	-7.087169e-001
3.594977947204936e-001	-4.713561e-001
3.596056593156464e-001	-3.707074e-001
3.596759278714992e-001	-3.049034e-001
3.597448719297263e-001	-2.401952e-001
3.597743911530313e-001	-2.124534e-001
3.597955632364182e-001	-1.925447e-001
3.598182539940601e-001	-1.711985e-001
3.598427760225411e-001	-1.481199e-001
3.598690246179992e-001	-1.234066e-001
3.599006597199391e-001	-9.361081e-002
3.599385911700601e-001	-5.787287e-002
3.599701565006677e-001	-2.812642e-002
3.600052800553459e-001	4.976333e-003
3.600357871568520e-001	3.372789e-002
3.600668581235479e-001	6.300766e-002
3.600999475881693e-001	9.418290e-002
3.601440589107461e-001	1.357260e-001
3.602182810921142e-001	2.055639e-001
3.602979169675624e-001	2.803704e-001
3.603770311217672e-001	3.545131e-001
3.607132667323774e-001	6.666265e-001
3.611447488094861e-001	1.055793e+000
3.616067242231515e-001	1.450811e+000
3.625107909445364e-001	2.128500e+000
3.634030326324079e-001	2.630296e+000
3.640987278983199e-001	2.880546e+000
3.644254447066270e-001	2.951261e+000
3.647750003466886e-001	2.992508e+000
3.652162541012640e-001	2.993079e+000
3.656520260592520e-001	2.937281e+000
3.663588471287144e-001	2.730768e+000
3.674869389825394e-001	2.130007e+000
3.686262035098784e-001	1.254949e+000
3.693212374390113e-001	6.348816e-001
3.696951415368279e-001	2.868833e-001
3.697330427170998e-001	2.513065e-001
3.698088450776436e-001	1.800510e-001
3.698677900049402e-001	1.245692e-001
3.699156517005653e-001	7.948709e-002
3.699485272622701e-001	4.850980e-002
3.699746644531050e-001	2.387794e-002
3.699965135415706e-001	3.285909e-003
3.700173165135911e-001	-1.632035e-002
3.700365289963188e-001	-3.442701e-002
3.700579368965842e-001	-5.460122e-002
3.700810974306218e-001	-7.642426e-002
3.701053835711743e-001	-9.930354e-002
3.701305449971440e-001	-1.230013e-001
3.701562588276905e-001	-1.472113e-001
3.701824646378710e-001	-1.718747e-001
3.702092058194048e-001	-1.970299e-001
3.702367187970161e-001	-2.228966e-001
3.702655042773675e-001	-2.499418e-001
3.702965529714968e-001	-2.790904e-001
3.703319079391205e-001	-3.122493e-001
3.703767854366256e-001	-3.542832e-001
3.704498320704609e-001	-4.225470e-001
3.705383656460719e-001	-5.049821e-001
3.706318581903835e-001	-5.916091e-001
3.707581580117068e-001	-7.078101e-001
3.709473383026702e-001	-8.797230e-001
3.712347251944987e-001	-1.134737e+000
3.716871087373768e-001	-1.516654e+000
3.723894348490649e-001	-2.046371e+000
3.729752903956931e-001	-2.413290e+000
3.736125394845361e-001	-2.719492e+000
3.740650960995736e-001	-2.871530e+000
3.744002145851564e-001	-2.946900e+000
3.747444769895003e-001	-2.990339e+000
3.752048544553556e-001	-2.993789e+000
3.756334794726868e-001	-2.940786e+000
3.763288841635508e-001	-2.742339e+000
3.774398028433841e-001	-2.161056e+000
3.788200008466002e-001	-1.086825e+000
3.792232518248694e-001	-7.248241e-001
3.794863734287253e-001	-4.819837e-001
3.795981568310291e-001	-3.777231e-001
3.796705989633586e-001	-3.098994e-001
3.797288099327623e-001	-2.552815e-001
3.797634530167583e-001	-2.227351e-001
3.797852165807394e-001	-2.022750e-001
3.798097930770480e-001	-1.791591e-001
3.798342861459836e-001	-1.561111e-001
3.798599995818162e-001	-1.319048e-001
3.798907749274429e-001	-1.029220e-001
3.799273617251612e-001	-6.845402e-002
3.799584818463572e-001	-3.912883e-002
3.799915477011491e-001	-7.966095e-003
3.800239069385868e-001	2.253155e-002
3.800534727916127e-001	5.039455e-002
3.800851612495814e-001	8.025301e-002
3.801231917826708e-001	1.160765e-001
3.801818249078309e-001	1.712728e-001
3.802614099841797e-001	2.460963e-001
3.803335403914396e-001	3.137795e-001
3.804337712098380e-001	4.075556e-001
3.808936522771421e-001	8.312266e-001
3.813629934621728e-001	1.245694e+000
3.820838851798153e-001	1.826697e+000
3.830067529679200e-001	2.430787e+000
3.838571845171517e-001	2.808718e+000
3.842451774620346e-001	2.916045e+000
3.845546110147448e-001	2.970680e+000
3.848932532549731e-001	2.998313e+000
3.852603116420241e-001	2.989974e+000
3.857236880219905e-001	2.922799e+000
3.864744874672087e-001	2.683850e+000
3.876681566233089e-001	2.006348e+000
3.887045439169731e-001	1.187512e+000
3.893402169185915e-001	6.173878e-001
3.897008045600174e-001	2.815700e-001
3.897368617016891e-001	2.477196e-001
3.898089759850327e-001	1.799278e-001
3.898672497478792e-001	1.250779e-001
3.899153355791359e-001	7.978493e-002
3.899482095177272e-001	4.880923e-002
3.899743920048597e-001	2.413471e-002
3.899962717412779e-001	3.513800e-003
3.900170949106245e-001	-1.611150e-002
3.900363199448101e-001	-3.423000e-002
3.900576878747832e-001	-5.436657e-002
3.900808424380431e-001	-7.618401e-002
3.901051139624522e-001	-9.904957e-002
3.901302693810135e-001	-1.227417e-001
3.901559774103476e-001	-1.469464e-001
3.901821780139565e-001	-1.716050e-001
3.902089125073289e-001	-1.967541e-001
3.902364150379050e-001	-2.226111e-001
3.902651826270062e-001	-2.496397e-001
3.902961985920930e-001	-2.787579e-001
3.903314889294933e-001	-3.118565e-001
3.903762096912755e-001	-3.537444e-001
3.904486411182945e-001	-4.214357e-001
3.905368257082331e-001	-5.035513e-001
3.906301588641440e-001	-5.900389e-001
3.907556864096674e-001	-7.055462e-001
3.909435538564464e-001	-8.763124e-001
3.912289331415345e-001	-1.129682e+000
3.916779524336963e-001	-1.509202e+000
3.923755356044286e-001	-2.036773e+000
3.929588014252798e-001	-2.404025e+000
3.935929889487830e-001	-2.711661e+000
3.940508270381377e-001	-2.867608e+000
3.943895221353473e-001	-2.944995e+000
3.947315612958146e-001	-2.989338e+000
3.952000264556343e-001	-2.994079e+000
3.956256240844530e-001	-2.942241e+000
3.963161893102606e-001	-2.747169e+000
3.974198102181348e-001	-2.174083e+000
3.988183997037272e-001	-1.088232e+000
3.992232204876277e-001	-7.248527e-001
3.994872861461831e-001	-4.811346e-001
3.995990064891932e-001	-3.769287e-001
3.996713565799078e-001	-3.091891e-001
3.997301233391494e-001	-2.540481e-001
3.997642699541230e-001	-2.219673e-001
3.997860393830723e-001	-2.015013e-001
3.998104247761047e-001	-1.785648e-001
3.998349648976781e-001	-1.554722e-001
3.998607878243211e-001	-1.311626e-001
3.998917201645438e-001	-1.020317e-001
3.999285428888723e-001	-6.734108e-002
3.999596569197652e-001	-3.802144e-002
3.999928794893579e-001	-6.710918e-003
4.000254648537173e-001	2.399980e-002
4.000554254236199e-001	5.223459e-002
4.000872355102337e-001	8.220724e-002
4.001259859986897e-001	1.187080e-001
4.001870030212820e-001	1.761448e-001
4.002673461576635e-001	2.516717e-001
4.003397774552616e-001	3.196249e-001
4.004431817639422e-001	4.163408e-001
4.006030148695328e-001	5.649348e-001
4.009226810807141e-001	8.574795e-001
4.013950136098408e-001	1.273084e+000
4.020907820491083e-001	1.831849e+000
4.030191357287803e-001	2.437608e+000
4.037362259835890e-001	2.766645e+000
4.041557982054867e-001	2.895109e+000
4.044683460002111e-001	2.958252e+000
4.048270486505400e-001	2.995573e+000
4.052356637274361e-001	2.991782e+000
4.056836003798821e-001	2.931083e+000
4.064098250896977e-001	2.710526e+000
4.075669653635126e-001	2.076226e+000
4.086600907367063e-001	1.225869e+000
4.093301187163655e-001	6.266983e-001
4.096971303462815e-001	2.850174e-001
4.097346355771545e-001	2.498105e-001
4.098096460389005e-001	1.792975e-001
4.098685994704403e-001	1.238069e-001
4.099163085837669e-001	7.886821e-002
4.099490981817556e-001	4.797179e-002
4.099751518319013e-001	2.341861e-002
4.099969434521015e-001	2.880728e-003
4.100177073702873e-001	-1.668872e-002
4.100368959832346e-001	-3.477287e-002
4.100583736381642e-001	-5.501277e-002
4.100815440409207e-001	-7.684504e-002
4.101058556704509e-001	-9.974823e-002
4.101310274788515e-001	-1.234556e-001
4.101567514334707e-001	-1.476750e-001
4.101829663647886e-001	-1.723468e-001
4.102097193126859e-001	-1.975128e-001
4.102372507091702e-001	-2.233966e-001
4.102660677669970e-001	-2.504711e-001
4.102971742809377e-001	-2.796735e-001
4.103326435992167e-001	-3.129389e-001
4.103777996829208e-001	-3.552324e-001
4.104519578920953e-001	-4.245305e-001
4.105411453677233e-001	-5.075643e-001
4.106349310002483e-001	-5.944480e-001
4.107626329969500e-001	-7.119079e-001
4.109542032815371e-001	-8.859066e-001
4.112452288978459e-001	-1.143895e+000
4.117037142511800e-001	-1.530136e+000
4.124145975634490e-001	-2.063649e+000
4.130051095534644e-001	-2.429878e+000
4.136478948585429e-001	-2.733393e+000
4.140909482280073e-001	-2.878489e+000
4.144196050144046e-001	-2.950268e+000
4.147679296847238e-001	-2.992030e+000
4.152136146209901e-001	-2.993247e+000
4.156477319239870e-001	-2.938101e+000
4.163519109467094e-001	-2.733468e+000
4.174760338221688e-001	-2.137232e+000
4.188221682618774e-001	-1.084921e+000
4.192231011603477e-001	-7.249619e-001
4.194846357888499e-001	-4.836000e-001
4.195966298245666e-001	-3.791507e-001
4.196692339384446e-001	-3.111790e-001
4.197265100172490e-001	-2.574412e-001
4.197620571713352e-001	-2.240470e-001
4.197837868025513e-001	-2.036195e-001
4.198087153716205e-001	-1.801730e-001
4.198331087925221e-001	-1.572192e-001
4.198586048075181e-001	-1.332180e-001
4.198890722447691e-001	-1.045258e-001
4.199251990520577e-001	-7.049175e-002
4.199562488850863e-001	-4.123316e-002
4.199890179133097e-001	-1.035035e-002
4.200209479599987e-001	1.974284e-002
4.200502794859868e-001	4.738533e-002
4.200816308634549e-001	7.692684e-002
4.201185852488495e-001	1.117381e-001
4.201736010024961e-001	1.635340e-001
4.202519957610540e-001	2.372524e-001
4.203240489578137e-001	3.048817e-001
4.204194315446255e-001	3.941620e-001
4.208497767618198e-001	7.914162e-001
4.213153980007168e-001	1.204748e+000
4.217695839128525e-001	1.583203e+000
4.226274454567920e-001	2.204531e+000
4.235590064466700e-001	2.697806e+000
4.240260703156951e-001	2.860667e+000
4.243709881693390e-001	2.941616e+000
4.247092026124924e-001	2.987490e+000
4.251295546132829e-001	2.997515e+000
4.255109337050667e-001	2.961436e+000
4.261305860463371e-001	2.812747e+000
4.271261119722270e-001	2.355302e+000
4.284982353180192e-001	1.363453e+000
4.293041037229098e-001	6.506547e-001
4.294402737169856e-001	5.248152e-001
4.297126137051371e-001	2.704874e-001
4.298498149730530e-001	1.414935e-001
4.299273446535116e-001	6.847011e-002
4.299692926735917e-001	2.894052e-002
4.299966358513582e-001	3.170635e-003
4.300175242920832e-001	-1.651617e-002
4.300379777653604e-001	-3.579235e-002
4.300594430194716e-001	-5.602047e-002
4.300828604091355e-001	-7.808527e-002
4.301072190463808e-001	-1.010325e-001
4.301324425660070e-001	-1.247882e-001
4.301581979449065e-001	-1.490367e-001
4.301844401626696e-001	-1.737335e-001
4.302112293912107e-001	-1.989329e-001
4.302388156433614e-001	-2.248673e-001
4.302677277071623e-001	-2.520300e-001
4.302990081158262e-001	-2.813942e-001
4.303348228233322e-001	-3.149815e-001
4.303808303872023e-001	-3.580685e-001
4.304585394860337e-001	-4.306701e-001
4.305499161673617e-001	-5.157095e-001
4.306446881561221e-001	-6.034588e-001
4.307768869141493e-001	-7.249510e-001
4.309761854562579e-001	-9.056791e-001
4.312788251417803e-001	-1.173102e+000
4.317568343710502e-001	-1.572984e+000
4.324946948156984e-001	-2.117782e+000
4.330997374690956e-001	-2.481103e+000
4.337600915986059e-001	-2.775265e+000
4.341733817576568e-001	-2.899409e+000
4.344815855331154e-001	-2.960300e+000
4.348431466785957e-001	-2.996358e+000
4.352416606468877e-001	-2.991358e+000
4.356933546881599e-001	-2.929110e+000
4.364255654070705e-001	-2.704135e+000
4.375916308035562e-001	-2.059384e+000
4.389844442080150e-001	-9.409833e-001
4.392869847948853e-001	-6.663954e-001
4.394226222904974e-001	-5.411866e-001
4.395391331158928e-001	-4.328408e-001
4.396142217082623e-001	-3.626980e-001
4.396661097115400e-001	-3.141074e-001
4.397333137660553e-001	-2.510519e-001
4.397529167720694e-001	-2.326367e-001
4.397747144459500e-001	-2.121494e-001
4.397955454866168e-001	-1.925614e-001
4.398160209905150e-001	-1.732996e-001
4.398373804282902e-001	-1.531987e-001
4.398578273158407e-001	-1.339501e-001
4.398818936768437e-001	-1.112870e-001
4.399086541659911e-001	-8.607960e-002
4.399417563181392e-001	-5.489031e-002
4.399728444571672e-001	-2.559319e-002
4.400068702285280e-001	6.475033e-003
4.400368992640407e-001	3.477596e-002
4.400676632588250e-001	6.376632e-002
4.401010176581582e-001	9.519092e-002
4.401456331209696e-001	1.372081e-001
4.402200711143735e-001	2.072469e-001
4.402987690779728e-001	2.811700e-001
4.403787348078045e-001	3.561075e-001
4.407181343568981e-001	6.710986e-001
4.411543471777504e-001	1.064256e+000
4.416172433770642e-001	1.459481e+000
4.425272434240240e-001	2.139398e+000
4.434243736870333e-001	2.639910e+000
4.441042939248810e-001	2.882008e+000
4.444296240328554e-001	2.951966e+000
4.447800627659290e-001	2.992842e+000
4.452181434744902e-001	2.992958e+000
4.456550997980980e-001	2.936690e+000
4.463638115882868e-001	2.728827e+000
4.474947417606899e-001	2.124822e+000
4.486294458784039e-001	1.252173e+000
4.493228359937632e-001	6.334090e-001
4.496955307391912e-001	2.865182e-001
4.497333385469695e-001	2.510286e-001
4.498089541625261e-001	1.799484e-001
4.498679508936935e-001	1.244177e-001
4.499157985181429e-001	7.934877e-002
4.499486600869381e-001	4.838463e-002
4.499747802491118e-001	2.376881e-002
4.499966164858512e-001	3.188886e-003
4.500174108618322e-001	-1.640927e-002
4.500366178673896e-001	-3.451077e-002
4.500580427476777e-001	-5.470097e-002
4.500812057648677e-001	-7.652633e-002
4.501054981025529e-001	-9.941141e-002
4.501306620668691e-001	-1.231115e-001
4.501563783576756e-001	-1.473238e-001
4.501825863806287e-001	-1.719893e-001
4.502093304103861e-001	-1.971471e-001
4.502368478418671e-001	-2.230179e-001
4.502656409540110e-001	-2.500702e-001
4.502967036159268e-001	-2.792318e-001
4.503320861874615e-001	-3.124164e-001
4.503770307853414e-001	-3.545128e-001
4.504503430129495e-001	-4.230238e-001
4.505390304267146e-001	-5.055996e-001
4.506325923678845e-001	-5.922874e-001
4.507592265590231e-001	-7.087887e-001
4.509489759985179e-001	-8.811985e-001
4.512372313269165e-001	-1.136923e+000
4.516910706263365e-001	-1.519874e+000
4.523954436253913e-001	-2.050509e+000
4.529824148897280e-001	-2.417272e+000
4.536209867488383e-001	-2.722844e+000
4.540712672367551e-001	-2.873209e+000
4.544048411310523e-001	-2.947713e+000
4.547500692474753e-001	-2.990757e+000
4.552069440635471e-001	-2.993662e+000
4.556368792745799e-001	-2.940151e+000
4.563343777347526e-001	-2.740236e+000
4.574484504609513e-001	-2.155395e+000
4.588206124446275e-001	-1.086288e+000
4.592232437583659e-001	-7.248315e-001
4.594859706224953e-001	-4.823584e-001
4.595977918304801e-001	-3.780644e-001
4.596702729058144e-001	-3.102050e-001
4.597282532932074e-001	-2.558042e-001
4.597631111144150e-001	-2.230565e-001
4.597848693882786e-001	-2.026015e-001
4.598095289490662e-001	-1.794076e-001
4.598340000393853e-001	-1.563804e-001
4.598596640326931e-001	-1.322207e-001
4.598903689359969e-001	-1.033044e-001
4.599268501957810e-001	-6.893600e-002
4.599579723957546e-001	-3.960893e-002
4.599909667818321e-001	-8.513596e-003
4.600232241410086e-001	2.188804e-002
4.600526296271012e-001	4.959999e-002
4.600842640424227e-001	7.940771e-002
4.601219944387737e-001	1.149489e-001
4.601796669568003e-001	1.692422e-001
4.602589299214594e-001	2.437667e-001
4.603309913619875e-001	3.113901e-001
4.604299229065677e-001	4.039620e-001
4.608820557617678e-001	8.207196e-001
4.613500471637494e-001	1.234584e+000
4.620820809087428e-001	1.825348e+000
4.630070073103361e-001	2.430927e+000
4.638941334590545e-001	2.820765e+000
4.642726051952567e-001	2.922010e+000
4.645887361184189e-001	2.974995e+000
4.649008603004401e-001	2.998545e+000
4.652631415403252e-001	2.989755e+000
4.657282899905847e-001	2.921818e+000
4.664819060569991e-001	2.680718e+000
4.676797428026014e-001	1.998216e+000
4.687149553224057e-001	1.178495e+000
4.693456608491514e-001	6.123659e-001
4.697037618029875e-001	2.787951e-001
4.697383931750142e-001	2.462811e-001
4.698076559190674e-001	1.811697e-001
4.698654941857190e-001	1.267310e-001
4.699144532216293e-001	8.061624e-002
4.699475687224302e-001	4.941308e-002
4.699739024787134e-001	2.459606e-002
4.699958622343816e-001	3.899751e-003
4.700167433146399e-001	-1.578013e-002
4.700359970048540e-001	-3.392566e-002
4.700573032918271e-001	-5.400416e-002
4.700804507390911e-001	-7.581496e-002
4.701046994344674e-001	-9.865910e-002
4.701298458906368e-001	-1.223429e-001
4.701555449638343e-001	-1.465393e-001
4.701817376049275e-001	-1.711906e-001
4.702084618765840e-001	-1.963303e-001
4.702359484606160e-001	-2.221726e-001
4.702646887698458e-001	-2.491759e-001
4.702956548691686e-001	-2.782477e-001
4.703308468740692e-001	-3.112547e-001
4.703753301527560e-001	-3.529212e-001
4.704468429319823e-001	-4.197577e-001
4.705345311188970e-001	-5.014193e-001
4.706276290552023e-001	-5.877010e-001
4.707520115872657e-001	-7.021794e-001
4.709379361259258e-001	-8.712474e-001
4.712203336769484e-001	-1.122169e+000
4.716643584734524e-001	-1.498116e+000
4.723548686399514e-001	-2.022429e+000
4.729342612443095e-001	-2.390118e+000
4.735638918144266e-001	-2.699817e+000
4.740296257790003e-001	-2.861674e+000
4.743736485756429e-001	-2.942107e+000
4.747124097383139e-001	-2.987764e+000
4.751335145597290e-001	-2.997361e+000
4.755173796350728e-001	-2.960459e+000
4.761410293521683e-001	-2.809309e+000
4.771427036798637e-001	-2.345585e+000
4.786896078950926e-001	-1.200426e+000
4.791272426035335e-001	-8.122869e-001
4.794279802395560e-001	-5.362189e-001
4.795603039950598e-001	-4.130871e-001
4.796458068519305e-001	-3.331307e-001
4.796948663954650e-001	-2.871414e-001
4.797552994726293e-001	-2.303977e-001
4.797784368487972e-001	-2.086498e-001
4.798053301522000e-001	-1.833577e-001
4.798315756471606e-001	-1.586622e-001
4.798595681938648e-001	-1.323109e-001
4.798932852383057e-001	-1.005575e-001
4.799343875530071e-001	-6.183390e-002
4.799664407609778e-001	-3.162825e-002
4.800028947149491e-001	2.728204e-003
4.800363392209483e-001	3.424817e-002
4.800684196378267e-001	6.447902e-002
4.801015735620891e-001	9.571458e-002
4.801461698349863e-001	1.377134e-001
4.802208681813033e-001	2.079964e-001
4.802989612556271e-001	2.813503e-001
4.803793750295295e-001	3.567066e-001
4.807198971937418e-001	6.727179e-001
4.811579434849321e-001	1.067425e+000
4.816211643337254e-001	1.462709e+000
4.825335093311360e-001	2.143534e+000
4.834325068869970e-001	2.643542e+000
4.841065050381960e-001	2.882586e+000
4.844312845702030e-001	2.952244e+000
4.847820746629279e-001	2.992972e+000
4.852188942481641e-001	2.992909e+000
4.856563211856497e-001	2.936455e+000
4.863657841710286e-001	2.728055e+000
4.874978415627173e-001	2.122758e+000
4.886307379662899e-001	1.251066e+000
4.893200890763696e-001	6.359393e-001
4.896946333331556e-001	2.873600e-001
4.897327657193835e-001	2.515666e-001
4.898090304918393e-001	1.798766e-001
4.898675247556888e-001	1.248189e-001
4.899152931359292e-001	7.982492e-002
4.899481698868091e-001	4.884657e-002
4.899743370365473e-001	2.418651e-002
4.899962181360504e-001	3.564322e-003
4.900170419106166e-001	-1.606155e-002
4.900362682691147e-001	-3.418130e-002
4.900576262427239e-001	-5.430849e-002
4.900807789047056e-001	-7.612415e-002
4.901050468204634e-001	-9.898633e-002
4.901302006783828e-001	-1.226770e-001
4.901559072613124e-001	-1.468804e-001
4.901821065629501e-001	-1.715378e-001
4.902088393915489e-001	-1.966853e-001
4.902363393263097e-001	-2.225400e-001
4.902651024715889e-001	-2.495645e-001
4.902961103117033e-001	-2.786750e-001
4.903313846153183e-001	-3.117588e-001
4.903760665734756e-001	-3.536104e-001
4.904483467959943e-001	-4.211611e-001
4.905364474277794e-001	-5.031999e-001
4.906297416697898e-001	-5.896534e-001
4.907550799872474e-001	-7.049907e-001
4.909426260803318e-001	-8.754761e-001
4.912275130414852e-001	-1.128442e+000
4.916757075258980e-001	-1.507373e+000
4.923721252235113e-001	-2.034412e+000
4.929547537417832e-001	-2.401741e+000
4.935881896821929e-001	-2.709723e+000
4.940473271803718e-001	-2.866637e+000
4.943869006445953e-001	-2.944523e+000
4.947283965808872e-001	-2.989086e+000
4.951988430394446e-001	-2.994148e+000
4.956236985649172e-001	-2.942595e+000
4.963130771727599e-001	-2.748346e+000
4.974149070798305e-001	-2.177264e+000
4.988179717712344e-001	-1.088608e+000
4.992363002282259e-001	-7.128845e-001
4.994984477856005e-001	-4.707482e-001
4.996079686829634e-001	-3.685474e-001
4.996781682372096e-001	-3.028028e-001
4.997464713187101e-001	-2.386926e-001
4.997753778965516e-001	-2.115257e-001
4.997965128605824e-001	-1.916515e-001
4.998190470039282e-001	-1.704523e-001
4.998435859591520e-001	-1.473574e-001
4.998698839176673e-001	-1.225974e-001
4.999015987067902e-001	-9.272626e-002
4.999396558860153e-001	-5.686958e-002
4.999712298601739e-001	-2.711485e-002
5.000000000000000e-001	-1.#IND00e+000
